[1]░░░░░░░▄▄▄░░░░░██▄░░░▄██░░░░░░░░░
[2]░░░░░░░░█▀▀█▄▄█▀░▀█▄█▀▀██░░▄▄▄░░░
[3]░░░█▄▄▄▄██░░▀▀▀░░░▀▀░░░███▀▀██░░░
[4]░░░▀█▄░▀▀▀░░░░░░░░░░░░░░░░░██░░░░
[5]░░░▄██░░░░░░░░░░░░░░░░░░░░░▀█▄▄░░
[6]▄████░░░░░░░░░░░░░░░░░░░░░░░▄▄███
[7]░▀▀▀█▀░▄▄███████████████▄▄▄▀█▀░░░
[8]░░░████████░░░░░░░░░░░░███████░░░
[9]░░░▀███████░░░░░░░░░░░░███████▀░░
[10]░░░░███████▄▄▄▄▄▄▄▄▄▄▄▄███████░░░
[11]░░░░▄█▀░░░░░▄░░░░░░░░▄░░░░░▀█▄░░░
[12]░░░░██░░░░░▀█▀░░░░░░▀█▀░░░░░██░░░
[13]░░░░▀█▄░░░▄▄░░░░░░░░░░▄▄░░░▄█░░░░
[14]░░░░░░▀███▀▀░░░░░░░░░░▀▀███▀░░░░░
[15]░░░░░░░▀█▄▄█▀░░░░░░░░▀█▄▄█▀░░░░░░
[16]░░░░░░░░▀██░▄█░░░░░░█▄░██▀░░░░░░░
[17]░░░░░░░░░▀▀██▄░░░░░░▄██▀░░░░░░░░░
[18]░░░░░░░░░░░░▀▀██▄▄█▀▀░░░░░░░░░░░░
[19]███████████████▀▀▀██████████████████████
[20]███████▀▀▀████▄▄░░░░▀███████████████████
[21]██████▄▄░░░░░▀███▄░░░░██████████████████
[22]████████▀█▄▄░░░░▀██▄▄▄▄█████████████████
[23]████▀░░░░░▀▀█▄░░░▄█▀▀▀▀▀▀███████████████
[24]██▀░░░░░░░░░░▀███▀░░░░░░░░░▀▀███████████
[25]██░░░░░░░░░░░░░░░░░▄█▄▄░░░░░░░██████████
[26]██░░░░░░░░░░░░░▄▄░░░▀███░░░░░░▀█████████
[27]██░░░░░░░░░░░░░█▀░░░░░░░░░░░░░░░▀▀██████
[28]██░░░░░░░░▄█████░░░░░░▄█▀░▄▄░░░░░░░░░▀██
[29]██░░░░░░░███████░░░░░░███░░██░░░░░░░░░██
[30]██░░░░░░░████████░░░░░███▄░▀███▄░▄▄░░░██
[31]██░░░░░░░█████████░░░░░▀██▄░▄███████▄░██
[32]██░░░░░░░██████████▄░░░░░██▄░▀▀▀████████
[33]██░░░░░░░▀███████████▄░░░▀▀██▄░█████████
[34]██░░░░░░░░▀████████████▄▄░░░░▀▀▀▀███████
[35]██░░░░░░░░░▀██████████████▄▄▄▄▄▄████████
[36]██░░░░░░░░░░░▀██████████████████████████
[37]██████████████████████══════█████████████████████
[38]█████████████════════════════════════████████████
[39]██████████════██══════██══██══════██════█████████
[40]███████════████═══════██████═══════████════██████
[41]█████═══██████════════██████═══════███████═══████
[42]████══█████████══════████████══════█████████══███
[43]███═█████████████═══██████████═══████████████═══█
[44]██═███████████████████████████████████████████══█
[45]█══████████████████████████████████████████████═█
[46]█══████████████████████████████████████████████═█
[47]██═████████████████████████████████████████████═█
[48]██══██████████████████████████████████████████══█
[49]███══██████═════██════██████════██═════██████══██
[50]████═══████════════════████════════════████═══███
[51]██████═══███════════════██════════════███═══█████
[52]████████══════════════════════════════════███████
[53]████████████══════════════════════════███████████
[54]██████████████████══════════════█████████████████
[55]░░░░░░░░░░░▄▄▄▄▄▄▄▄▄▄▄▄░░░░░░░░░░░
[56]░░░░░░░▄▄██▀▀▀▀▀▀▀▀▀▀▀▀██▄▄░░░░░░░
[57]░░░░░▄██▀▄░░░░░░░░░░░░░░▄▀██▄░░░░░
[58]░░░▄██▀▄███░░░░░░░░░░░░███▄▀██▄░░░
[59]░░██▀▄██████░░░░░░░░░░██████▄▀██░░
[60]░██░█████████▄░░░░░░▄█████████░██░
[61]██░███████████▄░░░░▄███████████░██
[62]██▄███████████▀▄▄▄▄▀███████████▄██
[63]█████████████░██████░█████████████
[64]██░░░░░░░░░░░░██████░░░░░░░░░░░░██
[65]██░░░░░░░░░░░░░▀▀▀▀░░░░░░░░░░░░░██
[66]▀█░░░░░░░░░░░░██████▄░░░░░░░░░░░██
[67]░██░░░░░░░░░▄████████▄░░░░░░░░░██░
[68]░░██▄░░░░░░▄██████████▄░░░░░░▄██░░
[69]░░░▀██▄░░░▄████████████▄░░░▄██▀░░░
[70]░░░░░▀██▄░▀████████████▀░▄██▀░░░░░
[71]░░░░░░░▀▀██▄▄▄██████▄▄▄██▀▀░░░░░░░
[72]░░░░░░░░░░░▀▀▀▀▀▀▀▀▀▀▀▀░░░░░░░░░░░
[73]2
[74]3
[75]4
[76]5
[77]6
[78]7
[79]8
[80]9
[81]1
[82]2
[83]3
[84]4
[85]5
[86]6
[87]7
[88]8
[89]9
[90]1
[91]2
[92]3
[93]4
[94]5
[95]6
[96]7
[97]8
[98]9
[99]1
[100]2
[101]3
[102]4
[103]5
[104]6
[105]7
[106]8
[107]9
[108]1
[109]2
[110]3
[111]4
[112]5
[113]6
[114]7
[115]8
[116]9
[117]1
[118]2
[119]3
[120]4
[121]5
[122]6
[123]7
[124]8
[125]9
[126]1
[127]2
[128]3
[129]4
[130]5
[131]6
[132]7
[133]8
[134]9
[135]1
[136]2
[137]3
[138]4
[139]5
[140]6
[141]7
[142]8
[143]9
[144]1
[145]2
[146]3
[147]4
[148]5
[149]6
[150]7
[151]8
[152]9
[153]1
[154]2
[155]3
[156]4
[157]5
[158]6
[159]7
[160]8
[161]9
[162]1
[163]2
[164]3
[165]4
[166]5
[167]6
[168]7
[169]8
[170]9
[171]1
[172]2
[173]3
[174]4
[175]5
[176]6
[177]7
[178]8
[179]9
[180]1
[181]2
[182]3
[183]4
[184]5
[185]6
[186]7
[187]8
[188]9
[189]1
[190]2
[191]3
[192]4
[193]5
[194]6
[195]7
[196]8
[197]9
[198]1
[199]2
[200]3
[201]4
[202]5
[203]6
[204]7
[205]8
[206]9
[207]1
[208]2
[209]3
[210]4
[211]5
[212]6
[213]7
[214]8
[215]9
[216]1
[217]2
[218]3
[219]4
[220]5
[221]6
[222]7
[223]8
[224]9
[225]1
[226]2
[227]3
[228]4
[229]5
[230]6
[231]7
[232]8
[233]9
[234]1
[235]2
[236]3
[237]4
[238]5
[239]6
[240]7
[241]8
[242]9
[243]1
[244]2
[245]3
[246]4
[247]5
[248]6
[249]7
[250]8
[251]9
[252]1
[253]2
[254]3
[255]4
[256]5
[257]6
[258]7
[259]8
[260]9
[261]1
[262]2
[263]3
[264]4
[265]5
[266]6
[267]7
[268]8
[269]9
[270]1
[271]2
[272]3
[273]4
[274]5
[275]6
[276]7
[277]8
[278]9
[279]1
[280]2
[281]3
[282]4
[283]5
[284]6
[285]7
[286]8
[287]9
[288]1
[289]2
[290]3
[291]4
[292]5
[293]6
[294]7
[295]8
[296]9
[297]1
[298]2
[299]3
[300]4
[301]5
[302]6
[303]7
[304]8
[305]9
[306]1
[307]2
[308]3
[309]4
[310]5
[311]6
[312]7
[313]8
[314]9
[315]1
[316]2
[317]3
[318]4
[319]5
[320]6
[321]7
[322]8
[323]9
[324]1
[325]2
[326]3
[327]4
[328]5
[329]6
[330]7
[331]8
[332]9
[333]1
[334]2
[335]3
[336]4
[337]5
[338]6
[339]7
[340]8
[341]9
[342]1
[343]2
[344]3
[345]4
[346]5
[347]6
[348]7
[349]8
[350]9
[351]1
[352]2
[353]3
[354]4
[355]5
[356]6
[357]7
[358]8
[359]9
[360]1
[361]2
[362]3
[363]4
[364]5
[365]6
[366]7
[367]8
[368]9
[369]1
[370]2
[371]3
[372]4
[373]5
[374]6
[375]7
[376]8
[377]9
[378]1
[379]2
[380]3
[381]4
[382]5
[383]6
[384]7
[385]8
[386]9
[387]1
[388]2
[389]3
[390]4
[391]5
[392]6
[393]7
[394]8
[395]9
[396]1
[397]2
[398]3
[399]4
[400]5
[401]6
[402]7
[403]8
[404]9
[405]1
[406]2
[407]3
[408]4
[409]5
[410]6
[411]7
[412]8
[413]9
[414]1
[415]2
[416]3
[417]4
[418]5
[419]6
[420]7
[421]8
[422]9
[423]1
[424]2
[425]3
[426]4
[427]5
[428]6
[429]7
[430]8
[431]9
[432]1
[433]2
[434]3
[435]4
[436]5
[437]6
[438]7
[439]8
[440]9
[441]1
[442]2
[443]3
[444]4
[445]5
[446]6
[447]7
[448]8
[449]9
[450]1
[451]2
[452]3
[453]4
[454]5
[455]6
[456]7
[457]8
[458]9
[459]1
[460]2
[461]3
[462]4
[463]5
[464]6
[465]7
[466]8
[467]9
[468]1
[469]2
[470]3
[471]4
[472]5
[473]6
[474]7
[475]8
[476]9
[477]1
[478]2
[479]3
[480]4
[481]5
[482]6
[483]7
[484]8
[485]9
[486]1
[487]2
[488]3
[489]4
[490]5
[491]6
[492]7
[493]8
[494]9
[495]1
[496]2
[497]3
[498]4
[499]5
[500]6
[501]7
[502]8
[503]9
[504]1
[505]2
[506]3
[507]4
[508]5
[509]6
[510]7
[511]8
[512]9
[513]1
[514]2
[515]3
[516]4
[517]5
[518]6
[519]7
[520]8
[521]9
[522]1
[523]2
[524]3
[525]4
[526]5
[527]6
[528]7
[529]8
[530]9
[531]1
[532]2
[533]3
[534]4
[535]5
[536]6
[537]7
[538]8
[539]9
[540]1
[541]2
[542]3
[543]4
[544]5
[545]6
[546]7
[547]8
[548]9
[549]1
[550]2
[551]3
[552]4
[553]5
[554]6
[555]7
[556]8
[557]9
[558]1
[559]2
[560]3
[561]4
[562]5
[563]6
[564]7
[565]8
[566]9
[567]1
[568]2
[569]3
[570]4
[571]5
[572]6
[573]7
[574]8
[575]9
[576]1
[577]2
[578]
		[DergiVKurse]:thread was be cancel
main(): thread was canceled
